2019.240000 0.000000
2019.265104 0.062016
2019.290208 0.147287
2019.315313 0.193798
2019.340417 0.240310
2019.365521 0.286822
2019.390625 0.348837
2019.415729 0.364341
2019.440833 0.372093
2019.465938 0.403101
2019.491042 0.410853
2019.516146 0.449612
2019.541250 0.457364
2019.566354 0.472868
2019.591458 0.496124
2019.616563 0.534884
2019.641667 0.542636
2019.666771 0.589147
2019.691875 0.604651
2019.716979 0.643411
2019.742083 0.689922
2019.767188 0.697674
2019.792292 0.705426
2019.817396 0.720930
2019.842500 0.744186
2019.867604 0.751938
2019.892708 0.775194
2019.917813 0.798450
2019.942917 0.806202
2019.968021 0.813953
2019.993125 0.821705
2020.018229 0.829457
2020.043333 0.852713
2020.068438 0.860465
2020.093542 0.860465
2020.118646 0.860465
2020.143750 0.875969
2020.168854 0.875969
2020.193958 0.883721
2020.219063 0.883721
2020.244167 0.891473
2020.269271 0.891473
2020.294375 0.891473
2020.319479 0.899225
2020.344583 0.899225
2020.369688 0.906977
2020.394792 0.906977
2020.419896 0.906977
2020.445000 0.906977
2020.470104 0.906977
2020.495208 0.906977
2020.520313 0.906977
2020.545417 0.922481
2020.570521 0.922481
2020.595625 0.922481
2020.620729 0.922481
2020.645833 0.922481
2020.670938 0.922481
2020.696042 0.922481
2020.721146 0.922481
2020.746250 0.937984
2020.771354 0.937984
2020.796458 0.937984
2020.821563 0.961240
2020.846667 0.961240
2020.871771 0.961240
2020.896875 0.961240
2020.921979 0.961240
2020.947083 0.961240
2020.972188 0.961240
2020.997292 0.968992
2021.022396 0.968992
2021.047500 0.976744
2021.072604 0.976744
2021.097708 0.976744
2021.122813 0.976744
2021.147917 0.976744
2021.173021 0.976744
2021.198125 0.976744
2021.223229 0.984496
2021.248333 0.984496
2021.273438 0.984496
2021.298542 0.992248
2021.323646 0.992248
2021.348750 0.992248
2021.373854 0.992248
2021.398958 0.992248
2021.424062 0.992248
2021.449167 0.992248
2021.474271 0.992248
2021.499375 0.992248
2021.524479 0.992248
2021.549583 0.992248
2021.574687 0.992248
2021.599792 0.992248
2021.624896 0.992248
2021.650000 0.992248